85
85
23
23
23
23
23
23
26
26
26
25
25
25
25
25
25
25
26
26
26
29
29
29
27
27
27
27
27
27
26
25
28
28
28
28
28
30
30
30
33
33
33
33
32
32
32
32
32
31
31
31
31
31
31
34
34
34
34
34
40
39
39
40
39
40
40
40
40
40
40
39
41
41
41
41
41
42
42
42
43
43
43
43
43
49
49
47
47
47
47
47
46
46
46
48
48
48
46
49
49
49
49
49
49
49
55
54
57
54
54
54
55
55
55
55
44
44
44
44
59
59
59
59
59
62
62
62
63
63
62
63
63
63
64
64
64
64
64
64
66
66
66
66
66
62
83
83
83
84
84
84
67
67
65
65
65
65
65
67
65
68
68
68
68
68
68
70
70
70
70
70
69
69
69
69
69
69
35
82
53
3
15
75
73
73
73
73
2
2
2
2
1
1
1
1
1
3
3
3
3
3
7
7
7
7
7
7
4
4
4
4
5
5
5
6
6
6
6
6
6